  0.9341  -0.6976
  0.0945  -0.1912
  0.9454  -0.6072
  0.4296  -0.0636
  0.3955  -1.0111
 -0.5678   0.4112
  0.9525  -0.3473
 -0.9875   0.7062
 -0.4940   0.1194
 -0.1304  -0.4462
  0.5588  -0.3170
 -0.6046  -0.0857
  0.7260  -0.1290
  0.9668  -0.2027
 -0.6723   0.0865
  0.1947   0.5550
 -0.9820   0.2389
 -0.2269   0.2897
 -0.9117   0.3199
  0.9133  -0.5008
 -0.1277   0.1331
  0.8980  -1.0836
  0.5726  -0.9031
  0.7326  -0.4121
 -0.6537  -0.5190
 -0.8501   0.3657
  0.2015  -0.1457
 -0.6641   0.3945
  0.4668  -0.3982
 -0.1831  -0.1314
  0.0558   0.2953
  0.8751  -0.2800
  0.0434  -0.5968
 -0.7836  -0.3875
 -0.6836   0.4672
  0.0904  -0.3510
  0.0488  -0.2051
  0.2752   0.1521
 -0.1970  -0.1463
  0.2996   0.1600
 -0.2062   0.3350
  0.2478  -0.1420
  0.5348  -0.5417
 -0.6421   0.1078
 -0.2488   0.2992
  0.0051   0.6661
  0.3733  -0.6151
 -0.4926  -0.3238
  0.1095   0.0205
  0.2499  -0.0530
  0.7910  -0.7707
 -0.2743   0.4733
  0.2751   0.1476
 -0.6171   0.4246
 -0.0044  -0.2197
 -0.6351   0.0804
  0.8368  -0.6184
 -0.1364   0.3674
  0.6604  -0.5524
 -0.1664  -0.1747
  0.8093   0.1591
 -0.1903   0.4494
 -0.3377   0.4111
  0.1443   0.2219
  0.6909  -0.9628
  0.7220  -0.9512
  0.1914  -0.1432
 -0.8307   0.6566
  0.1945   0.1367
 -0.5091   0.3989
  0.4652  -0.2149
  0.7893  -0.7628
  0.0295  -0.7221
  0.2071  -0.4623
 -0.8699   0.2676
  0.0801  -0.2317
 -0.7416   0.0901
  0.2291  -0.3039
 -0.2727  -0.2572
  0.5355  -0.3354
 -0.9029   0.9533
 -0.7804   0.2650
  0.3680  -0.1798
  0.0293  -0.0189
  0.1433   0.1565
  0.6874  -0.2240
 -0.0245   0.6209
  0.6203  -0.6204
  0.0205   0.0736
  0.8534  -0.8744
  0.3339  -0.3244
 -0.7025   0.4516
 -0.2709  -0.2585
  0.7315  -0.2036
 -0.2994   0.3632
 -0.6219  -0.4303
 -0.0548  -0.1692
 -0.2144  -0.3237
  0.2379   0.0397
 -0.1265  -0.1867